3, 11, 23
10, 16
29, 42
41, 56, 62
52, 54
74, 77, 79
75, 76, 89, 81
96, 97, 101, 103, 104, 106, 119, 103, 103, 104, 106, 104, 106, 119, 106, 119
111, 122
127, 129, 130, 133, 134, 149, 151, 153, 154, 155, 149, 151, 153, 154, 149, 151, 153, 154, 155, 139, 151, 153, 154, 162, 166, 172, 154, 155, 162, 166, 172, 177, 155, 162, 166, 172, 177, 162, 166, 172, 177, 166, 172, 177, 172, 177, 177
180, 183, 184, 188, 184, 188, 188
193, 207
197, 198
213, 214, 216, 222, 225, 227, 230, 235, 237, 216, 235, 230, 235, 227, 230, 235, 237, 235, 235, 237, 237
239, 240
243, 249
256, 257, 263, 265, 266, 276, 263, 265, 266, 272, 274, 276, 279, 264, 265, 266, 270, 272, 274, 276, 279, 276, 284, 285, 266, 276, 284, 285, 270, 272, 274, 276, 279, 282, 284, 285, 286, 272, 274, 276, 279, 282, 284, 285, 286, 293, 274, 276, 279, 282, 284, 285, 286, 293, 296, 276, 279, 282, 284, 285, 286, 293, 296, 279, 282, 284, 285, 286, 293, 295, 296, 282, 284, 285, 286, 293, 295, 296, 284, 285, 286, 293, 295, 296, 299, 285, 286, 293, 295, 296, 299, 286, 293, 295, 296, 299, 293, 295, 296, 299, 296, 296, 299, 299
283, 287
300, 305, 306, 310, 306, 310
303, 304
333, 362
338, 339, 350, 358, 350, 355, 356, 358, 354, 355, 358, 355, 358, 356, 358, 358
365, 367, 384, 369, 384
370, 375, 388, 388
376, 381
398, 400, 403, 404, 403, 404, 404
416, 438, 444
420, 423, 424, 426, 430, 436, 424, 426, 430, 436, 426, 430, 436, 430, 436, 436, 445, 452, 452, 459, 459
450, 454, 456
464, 471, 477, 477
465, 473
466, 479
481, 489, 492, 492
483, 484
491, 503
495, 496
511, 513
514, 516
519, 521, 523, 523
537, 539, 554, 555, 554, 555
542, 547
562, 575, 589, 564, 589, 570, 574, 589, 589
578, 591
601, 604
611, 617
612, 630
616, 631, 642, 656, 662, 662, 666, 666
624, 642, 656, 631, 656, 662, 662, 666, 666
634, 638, 648, 648
671, 685, 673, 687, 689, 677, 682, 689, 690, 689, 712, 716, 714, 715
673, 682, 685, 687, 689, 677, 685, 685, 689, 690, 689, 712, 716, 714, 715
707, 716, 712, 714, 715
718, 724, 727, 727
737, 738, 749, 749
740, 742, 743, 743, 751, 745, 757, 750, 755
745, 750, 751, 757, 751, 755
760, 771
776, 786
794, 797, 796, 799, 800
801, 818, 826, 826
840, 848
854, 858, 872, 872
860, 873
864, 869
878, 879
881, 904
887, 888, 894, 894
923, 931
932, 933
940, 941
950, 951
958, 959, 979, 966, 979, 1001, 979, 1001, 1001
961, 962
965, 977
967, 968
980, 981, 997, 1005
986, 990
987, 999, 1008, 1019, 1019, 1019
1002, 1003, 1010, 1010, 1013, 1012
1024, 1025
1029, 1030, 1051, 1051
1031, 1032
1033, 1053, 1067, 1056, 1068, 1088, 1068, 1088
1034, 1050
1040, 1041, 1044, 1056, 1067, 1044, 1056, 1067, 1056, 1067, 1068, 1052, 1053, 1067, 1068, 1088, 1068, 1088
1047, 1048, 1054, 1054
1070, 1077, 1085, 1085
1081, 1082, 1089, 1100, 1089, 1100, 1100
1101, 1122
1103, 1119
1127, 1128, 1137, 1140, 1140
1131, 1141
1162, 1163
1165, 1166
1167, 1182
1169, 1170, 1172, 1179, 1172, 1179
1171, 1201
1173, 1174
1175, 1176
1192, 1193
1225, 1233, 1246, 1248, 1263, 1246, 1248, 1263, 1274, 1248, 1263, 1274, 1276, 1263, 1274, 1276, 1283, 1274, 1276, 1276, 1283
1235, 1237
1266, 1270
1290, 1291
1297, 1298, 1301, 1301
1302, 1303
1343, 1344
1345, 1356, 1367, 1386, 1367, 1386, 1386
1348, 1351, 1359, 1382, 1359, 1382, 1382
1387, 1393, 1416
1390, 1391
1417, 1448, 1418
1424, 1425
1434, 1435, 1438, 1454, 1438, 1454, 1454, 1472, 1471, 1475
1467, 1468
1507, 1508, 1521, 1543, 1521, 1543, 1543, 1574
1510, 1511, 1523, 1534, 1551, 1523, 1534, 1534, 1551, 1551, 1573, 1573
1540, 1541, 1548, 1548
1649, 1654, 1660, 1672, 1673, 1660, 1672, 1672, 1673, 1673
1675, 1676
1680, 1681, 1692, 1704, 1692, 1698, 1704, 1720, 1704, 1707, 1723, 1724, 1726, 1724, 1726, 1724, 1726, 1726
1682, 1687, 1706, 1709, 1712, 1715, 1706, 1709, 1712, 1715, 1712, 1712, 1715, 1730, 1731, 1739, 1715, 1730, 1731, 1739, 1730, 1739, 1731, 1739, 1739
1694, 1695
1728, 1729
1743, 1744, 1757, 1745, 1757, 1769, 1757, 1769, 1769
1748, 1749, 1758, 1758
1759, 1777
1763, 1764, 1767, 1788, 1767, 1776, 1788, 1788
1771, 1780, 1786, 1795, 1797, 1799, 1784, 1797, 1797, 1797, 1797
1781, 1792, 1782
1789, 1798
1800, 1801
1811, 1823
1813, 1814
1816, 1818
1824, 1825
1829, 1850
1832, 1833, 1834, 1837, 1847, 1834, 1837, 1847, 1837, 1847, 1847
1839, 1849
1860, 1863
1874, 1875
1878, 1879, 1886, 1897, 1886, 1897, 1898, 1898
1890, 1891
1916, 1917, 1927, 1930
1918, 1925, 1931, 1932, 1931, 1932, 1932
1933, 1934, 1937, 1952, 1937, 1952, 1940, 1952, 1952
1955, 1956
1976, 1977
1980, 2023, 2029, 2040, 2029, 2040, 2040
1982, 1983, 1996, 1996
1986, 2026
1999, 2000, 2001, 2006, 2022, 2033, 2034, 2001, 2006, 2022, 2033, 2034, 2006, 2022, 2033, 2034, 2022, 2033, 2034, 2033, 2034, 2034
2002, 2003
2045, 2050, 2061, 2046, 2061, 2047, 2061, 2061
2046, 2047, 2050, 2061, 2050, 2061, 2061
2083, 2086, 2089, 2089
2084, 2085
2162, 2197, 2177
2168, 2169
2183, 2185, 2200, 2200
2209, 2215, 2216, 2227, 2236, 2237, 2238, 2216, 2221, 2222, 2227, 2236, 2238, 2227, 2236, 2237, 2232, 2236, 2238, 2236, 2238, 2237, 2238, 2238
2228, 2229
2230, 2235
2247, 2248
2252, 2255, 2258, 2266, 2270, 2286, 2258, 2266, 2270, 2286, 2266, 2270, 2286, 2270, 2286, 2286, 2303
2253, 2254
2271, 2274
2289, 2290
2291, 2295
2294, 2300
2311, 2316, 2323, 2323
2330, 2337, 2375, 2375
2332, 2333, 2343, 2347, 2343, 2347, 2347
2350, 2351, 2352, 2353
2377, 2378
2393, 2394, 2399, 2399
2396, 2397
2423, 2426, 2436, 2450, 2436, 2450, 2450, 2464, 2464, 2466, 2466
2424, 2425
2469, 2470, 2488, 2480, 2488, 2488
2510, 2530
2511, 2512
2524, 2525, 2528, 2545, 2528, 2545, 2535, 2545, 2554, 2545, 2554, 2546
2565, 2577, 2592, 2583, 2592
2603, 2620, 2630, 2621
2608, 2616
2621, 2626, 2630
2632, 2640
2651, 2652, 2669, 2668, 2672, 2672
2654, 2655, 2677, 2677, 2693, 2693, 2697, 2697
2690, 2691, 2703, 2703
2706, 2707, 2711
2717, 2718, 2725, 2760, 2760
2731, 2732
2733, 2734, 2735, 2744, 2752, 2767, 2744, 2752, 2767, 2738, 2744, 2752, 2766, 2767, 2744, 2752, 2767, 2752, 2767, 2767
2742, 2756
2769, 2770
2774, 2789
2776, 2777, 2778, 2786, 2778, 2786, 2786
2790, 2791
2794, 2795
2815, 2834, 2837, 2837, 2869, 2870, 2881, 2881, 2882, 2882
2816, 2817
2850, 2858
2857, 2866
2888, 2902, 2925, 2920, 2950, 2951, 2951
2942, 2943
3021, 3022
3025, 3026
3047, 3048
3052, 3053
3056, 3057
3059, 3065, 3085, 3086, 3086, 3101, 3086, 3099, 3121, 3101, 3113, 3121, 3113, 3121, 3121
3066, 3067
3072, 3073
3122, 3123
3124, 3125
3132, 3133, 3147, 3147, 3134
3175, 3176
3181, 3184, 3189, 3199, 3182, 3189, 3199, 3183, 3189, 3199, 3189, 3199, 3199
3185, 3186
3221, 3224, 3228, 3232, 3234, 3228, 3232, 3234, 3232, 3234, 3234
3226, 3231
3237, 3242, 3248, 3249, 3250, 3248, 3249, 3250, 3249, 3250, 3250
3251, 3264, 3266, 3266
3268, 3269, 3273, 3275, 3284, 3285, 3291, 3292, 3273, 3275, 3284, 3285, 3291, 3292, 3275, 3284, 3285, 3291, 3292, 3284, 3285, 3291, 3292, 3285, 3291, 3291, 3292, 3292
3279, 3280, 3282, 3286, 3296, 3282, 3286, 3286, 3296, 3296
3299, 3300, 3316, 3310, 3316, 3316
3301, 3302
3318, 3328, 3319, 3325
3319, 3320, 3325, 3328, 3325, 3328
3368, 3369
3380, 3381, 3400, 3400, 3417, 3417
3384, 3385
3405, 3406
3436, 3437
3458, 3459
3480, 3481
3490, 3492
3535, 3536
3570, 3580, 3584, 3597, 3584, 3597, 3599, 3610, 3597, 3599, 3610, 3587, 3599, 3610, 3599, 3610, 3610
3612, 3622, 3627, 3628, 3631, 3646, 3628, 3646, 3631, 3646, 3646, 3653
3636, 3637
3664, 3665, 3666, 3670, 3666, 3670, 3670
3680, 3681
3700, 3701
3711, 3712, 3734, 3735, 3750, 3734, 3735, 3750, 3735, 3750, 3763, 3750, 3751, 3761, 3763, 3771, 3751, 3761, 3763, 3771, 3773, 3761, 3763, 3771, 3773, 3779, 3755, 3763, 3771, 3773, 3779, 3771, 3773, 3779, 3773, 3779, 3779
3720, 3722, 3733
3723, 3724
3725, 3726
3758, 3759
3780, 3781
3783, 3784
3786, 3787
3788, 3789
3799, 3800, 3808, 3827, 3808, 3814, 3827
3815, 3829, 3834, 3834
3824, 3848
3850, 3851, 3854, 3854
3863, 3864
3869, 3885, 3890, 3890
3870, 3871, 3876, 3878, 3876, 3878, 3878
3900, 3925
3912, 3915
3916, 3917
3920, 3930
3939, 3954
3947, 3948
3977, 3978, 3988
3982, 3983
3990, 3991, 3993, 3993
4005, 4006
4008, 4009, 4020, 4020
4014, 4029
4040, 4043, 4042, 4050
4087, 4088
4097, 4098
4105, 4106
4107, 4109
4118, 4119, 4122, 4128, 4142, 4143, 4122, 4128, 4142, 4143, 4128, 4142, 4143, 4142, 4143, 4143
4152, 4170, 4158
4154, 4155, 4156
4159, 4161, 4166
4171, 4172
4173, 4174
4182, 4183, 4194, 4196, 4194, 4196, 4196
4219, 4223
4273, 4274, 4276
4287, 4288, 4297, 4306, 4309, 4315, 4306, 4309, 4315, 4324, 4309, 4315, 4324, 4329, 4315, 4324, 4329, 4324, 4329, 4329
4290, 4305, 4308, 4314, 4308, 4314, 4314
4300, 4301
4316, 4321
4317, 4318, 4319, 4320, 4322, 4326
4325, 4336, 4337, 4338, 4334, 4337, 4338, 4347, 4350, 4351, 4350, 4351
4334, 4335, 4337, 4336, 4338, 4347, 4350, 4351, 4350, 4351
4359, 4372, 4387, 4400, 4387, 4400, 4401, 4400, 4401, 4401
4434, 4437, 4444, 4449, 4435, 4444, 4449, 4444, 4449, 4449
4463, 4464
4488, 4489, 4494, 4505, 4505, 4496, 4506
4552, 4553, 4558, 4564, 4569, 4576, 4569, 4576, 4576
4579, 4583, 4584, 4592, 4606, 4617, 4584, 4592, 4606, 4617, 4620, 4592, 4606, 4617, 4620, 4606, 4617, 4620, 4627, 4617, 4620, 4627, 4620, 4627, 4627
4632, 4637
4639, 4640
4665, 4666
4695, 4721
4733, 4734, 4757, 4760, 4751, 4757, 4760, 4757, 4760, 4760
4825, 4826, 4829, 4842, 4858, 4829, 4842, 4858, 4858
4831, 4832, 4838, 4848, 4855, 4856, 4838, 4855, 4848, 4855, 4856, 4862, 4864, 4855, 4856, 4878, 4868, 4878
4879, 4880, 4892, 4892
4887, 4888, 4900, 4917
4939, 4949, 4960, 4960
4941, 4947, 4957, 4961, 4957, 4961, 4961
4974, 4975, 4982, 4996, 4982, 4992, 4996, 4992, 4996, 4996
4986, 4987, 4993, 4993
4988, 4989
5013, 5014, 5020
5027, 5028, 5048, 5029
5031, 5039
5081, 5082, 5084, 5095, 5100, 5084, 5089, 5095, 5100, 5100
5108, 5109
5112, 5128, 5130, 5141, 5184
5194, 5210, 5223, 5223
5224, 5225
5226, 5237, 5243, 5251, 5243, 5251, 5251, 5252, 5261, 5261, 5262, 5269, 5271, 5278, 5262, 5278, 5269, 5271, 5278, 5271, 5278, 5278
5254, 5255
5279, 5280
5308, 5309
5316, 5336, 5330
5338, 5339
5345, 5357, 5389, 5403, 5419, 5431, 5431, 5432
5346, 5364
5347, 5348, 5361, 5366, 5371, 5361, 5366, 5371, 5366, 5371, 5371
5358, 5359
5381, 5385, 5387, 5387
5392, 5394, 5397, 5393, 5397
5409, 5413
5435, 5436
5442, 5447, 5451, 5452, 5451, 5452
5473, 5474, 5481, 5493, 5481, 5493, 5493, 5510, 5510, 5525, 5511, 5548, 5534, 5549, 5559, 5573, 5549, 5559, 5559, 5573, 5574, 5573, 5574, 5574
5484, 5485
5512, 5513, 5523, 5523
5528, 5536, 5558, 5565, 5565, 5576, 5576
5582, 5583
5584, 5585, 5587, 5596, 5587, 5596, 5600, 5600
5588, 5589, 5602, 5602
5591, 5592, 5603, 5610, 5603, 5610, 5610, 5639
5593, 5594
5614, 5615
5622, 5623, 5636, 5659, 5660, 5636, 5659, 5660, 5659, 5660, 5660
5624, 5625
5644, 5645, 5647, 5647
5648, 5649
5682, 5683
5690, 5704, 5719, 5738, 5740, 5719, 5738, 5740, 5740
5746, 5757
5751, 5752, 5758
5775, 5780, 5781, 5814, 5815, 5814, 5815, 5830, 5815, 5819, 5830, 5830
5805, 5807
5818, 5821
5832, 5833
5862, 5863, 5866, 5895, 5866, 5895, 5895
5910, 5911, 5925
5912, 5918
5921, 5922, 5923, 5928, 5942, 5928, 5942, 5942
5927, 5929
5938, 5941
6004, 6005, 6012, 6012, 6022, 6033, 6006, 6038, 6016, 6038
6006, 6007, 6016, 6033, 6038, 6033, 6038
6025, 6026
6032, 6035
6039, 6040
6048, 6065, 6086, 6086, 6114, 6095, 6114, 6116, 6114, 6116
6059, 6060
6084, 6095, 6086, 6114, 6116, 6114, 6116
6130, 6131
6139, 6147, 6177, 6178, 6177, 6178, 6184, 6178, 6197, 6184, 6197, 6197, 6206, 6206, 6209, 6224, 6209, 6224, 6224
6188, 6189
6211, 6225
6237, 6238
6239, 6253, 6276, 6276
6261, 6292
6280, 6296
6289, 6290
6299, 6303, 6306, 6312, 6324, 6306, 6312, 6324, 6332, 6312, 6324, 6332, 6307, 6347, 6352, 6354, 6361, 6354, 6361, 6363, 6364, 6361, 6363, 6364, 6363, 6364, 6388, 6374, 6396, 6401, 6381, 6396, 6401, 6401
6372, 6373
6374, 6375, 6388, 6396, 6401, 6381, 6396, 6401, 6401
6381, 6384, 6401, 6388, 6396
6408, 6409
6424, 6438, 6443, 6455, 6456, 6443, 6455, 6465, 6455, 6456, 6465, 6456, 6465, 6465
6431, 6432
6448, 6458
6477, 6478
6488, 6489, 6495, 6517, 6530, 6495, 6517, 6518, 6524, 6530, 6517, 6518, 6524, 6530, 6518, 6530, 6524, 6530, 6530
6501, 6511
6525, 6531
6544, 6550, 6567, 6577, 6580, 6589, 6567, 6577, 6580, 6589, 6577, 6589, 6590, 6604, 6580, 6589, 6590, 6604, 6605, 6589, 6590, 6604, 6605, 6590, 6604, 6604, 6605, 6605
6548, 6549
6558, 6559
6593, 6594, 6596, 6598, 6596, 6598, 6598
6610, 6611, 6619, 6618, 6622, 6637, 6640, 6622, 6637, 6640, 6637, 6640, 6640
6614, 6615
6642, 6643
6649, 6650
6653, 6654, 6683, 6663, 6683, 6683, 6671
6664, 6668
6671, 6673, 6680, 6683, 6680, 6682, 6682
6698, 6711, 6717, 6699, 6717, 6717
6708, 6709, 6712, 6712
6718, 6728, 6729, 6739, 6750, 6729, 6739, 6750, 6739, 6750, 6760, 6761, 6750, 6760, 6766, 6755, 6760, 6761, 6766, 6774, 6760, 6761, 6766, 6774, 6787, 6761, 6766, 6774, 6787, 6792, 6766, 6774, 6787, 6792, 6774, 6787, 6792, 6799, 6787, 6792, 6799, 6792, 6799
6721, 6727
6745, 6746
6800, 6801
6806, 6807, 6808, 6817, 6808, 6817, 6817
6809, 6810
6815, 6825
6840, 6841, 6849, 6852, 6864, 6849, 6852, 6864, 6864
6844, 6845
6865, 6866, 6875, 6876, 6879, 6875, 6879, 6876, 6879
6868, 6869
6887, 6899
6902, 6904, 6913, 6919, 6920, 6924, 6919, 6924, 6920, 6924, 6948, 6948
6906, 6907
6908, 6909
6927, 6928
6945, 6947
6985, 6995
6989, 6990
6992, 6993
7000, 7001
7036, 7037
7038, 7056, 7063, 7069, 7039, 7063, 7069, 7063, 7069, 7069
7057, 7066
