3, 11, 41, 56
10, 16
29, 42
75, 76, 81
74, 77, 111, 122
96, 101, 103, 104, 106, 119
127, 129
130, 133, 134, 149, 151, 153, 154, 155, 162, 166, 172, 177
180, 183, 184, 188
192, 197, 198, 210
213, 216, 222, 225, 227, 230, 235, 237
239, 240
266, 270, 272, 274, 276, 279, 282, 284, 285, 286, 293, 295, 296, 299, 300, 305, 306, 310
338, 339, 350, 354, 355, 356, 358
333, 362
365, 367, 369, 384
370, 375, 388
376, 381
398, 400, 403, 404
420, 423, 424, 426, 430, 436, 445, 452, 459
416, 438, 444
432, 450, 454, 456
464, 471, 477, 490, 491
465, 473, 511, 513
466, 479
481, 489, 492
514, 516, 578, 591
519, 521, 523
537, 555
562, 564, 575, 589
601, 604
596, 606
612, 630
624, 631, 642, 656, 662, 666
677, 682, 685, 689, 690
707, 712, 714, 715, 716
737, 749
776, 786
801, 826, 872
887, 888, 894
881, 904
923, 943, 944, 946
961, 962, 980, 981, 997, 1002, 1003, 1010
959, 966, 979, 1001
982, 987, 999, 1008, 1019
986, 990
1040, 1041, 1044, 1056, 1067, 1068, 1101, 1122
1034, 1050
1030, 1051, 1090
1032, 1052, 1091
1033, 1053, 1092
1081, 1082, 1089, 1100
1103, 1119
1127, 1137, 1140
1131, 1141
1165, 1166, 1182
1169, 1172
1175, 1176
1170, 1179
1266, 1270
1298, 1301
1348, 1351, 1359, 1382
1345, 1356, 1367, 1386, 1391, 1396
1387, 1393
1434, 1435, 1438, 1454
1418, 1448
1472, 1475
1502, 1510, 1511, 1523, 1534, 1551, 1573, 1648
1508, 1521, 1543, 1574, 1649, 1654, 1660, 1672, 1673
1541, 1548
1682, 1687, 1706, 1709, 1712, 1715, 1730, 1731, 1739
1681, 1692, 1698, 1704, 1707, 1720, 1723, 1724, 1726
1694, 1695
1728, 1729
1744, 1745, 1769
1748, 1749, 1758
1763, 1764, 1767, 1788, 1799
1759, 1777, 1779
1771, 1780, 1784, 1786, 1795, 1797, 1806, 1809
1789, 1798, 1805, 1808, 1829, 1850
1811, 1823, 1839, 1849
1824, 1825
1832, 1833, 1834, 1837, 1847
1860, 1863
1878, 1879, 1886, 1898
1916, 1917, 1927, 1930
1918, 1925, 1931, 1932
1933, 1934, 1937, 1940, 1952
1953, 1964
1975, 1976
1977, 1977
1983, 1996
1999, 2000, 2001, 2006, 2022, 2033, 2034
1986, 2026
2023, 2029, 2040
2046, 2050, 2061
2086, 2089
2183, 2185, 2200, 2204
2162, 2197
2202, 2203
2215, 2221
2255, 2258, 2266, 2270, 2286, 2303
2316, 2323
2330, 2337, 2367, 2375
2333, 2343, 2347
2393, 2394, 2399
2426, 2436, 2450, 2464, 2466
2469, 2470, 2480, 2488
2510, 2517, 2520, 2530, 2546, 2554
2524, 2525, 2528, 2535, 2545
2565, 2592, 2640
2603, 2620, 2621, 2630
2668, 2669, 2672
2655, 2677, 2693, 2697
2691, 2703
2718, 2725, 2760
2733, 2734, 2735, 2738, 2744, 2752, 2767
2776, 2777, 2778, 2786
2774, 2789
2815, 2834, 2837, 2869, 2870, 2881, 2882
2857, 2866
2888, 2902, 2956
2920, 2925, 2950, 2951, 2976
2942, 2943
3058, 3061
3059, 3065, 3085, 3086, 3101, 3113, 3121
3066, 3067
3132, 3133, 3147
3183, 3184, 3189, 3199
3219, 3222, 3235, 3245
3224, 3228, 3232, 3234, 3237, 3242, 3248, 3249, 3250, 3251, 3264, 3266, 3268, 3269, 3273, 3275, 3284, 3285, 3291, 3292
3220, 3229, 3246, 3252, 3265, 3279, 3280, 3282, 3286, 3296
3300, 3310, 3316
3319, 3320, 3325, 3328
3369, 3408, 3481
3380, 3417
3436, 3437
3570, 3580, 3587, 3597, 3599, 3610
3612, 3622, 3627, 3628, 3631, 3646
3664, 3665, 3666, 3670
3711, 3712, 3719, 3734, 3735, 3750, 3751, 3761, 3763, 3771, 3773, 3779
3742, 3743, 3745
3799, 3800, 3808, 3809, 3814, 3827
3781, 3817
3815, 3829, 3834
3842, 3848, 3866
3850, 3851, 3854
3871, 3876, 3878
3869, 3885, 3890
3920, 3930
3977, 3988, 3998
3990, 3991
4009, 4020
4014, 4029
4008, 4030
4042, 4043, 4050
4058, 4059
4107, 4109
4118, 4119, 4122, 4128, 4142, 4143, 4152, 4158, 4170
4182, 4183, 4194, 4196
4204, 4219, 4220, 4223
4273, 4274, 4276
4288, 4297, 4306, 4309, 4315, 4324, 4329
4300, 4301
4290, 4305, 4308, 4314, 4325, 4336, 4337, 4338, 4351
4320, 4322, 4326
4359, 4372, 4387, 4400, 4401
4435, 4437, 4444, 4449
4488, 4489, 4496, 4505, 4506
4552, 4558, 4564, 4569, 4576
4579, 4583, 4584, 4592, 4606, 4617, 4620, 4627
4632, 4666, 4721
4733, 4734, 4751, 4757, 4791
4831, 4832, 4838, 4848, 4855, 4856, 4862, 4878
4823, 4837
4826, 4842, 4858
4887, 4888, 4900, 4917
4941, 4947, 4957, 4961
4939, 4949, 4960
4986, 4987, 4993
4982, 4992, 4996
5013, 5014, 5020
5001, 5021
5031, 5039, 5062
5029, 5048
5082, 5084, 5089, 5095, 5100
5112, 5128, 5130, 5141, 5184
5194, 5210, 5223, 5226, 5237, 5243, 5251, 5252, 5261, 5262, 5269, 5271, 5278
5228, 5235
2552, 5254, 5255
5280, 5292
5282, 5308, 5309
5330, 5336
5343, 5357, 5389, 5403, 5419, 5431, 5432, 5451
5473, 5474, 5481, 5493, 5510, 5511, 5525
5512, 5516
5513, 5523
5528, 5536, 5558, 5565, 5576
5534, 5548, 5549, 5559, 5573, 5574
5584, 5587
5591, 5592, 5603, 5610
5585, 5596, 5600
5589, 5602
5622, 5623, 5636, 5659, 5660, 5681
5644, 5647
5690, 5704, 5719, 5738, 5740
5746, 5757
5775, 5815, 5830
5862, 5863, 5866, 5895
5910, 5911, 5925, 5949
5897, 5912, 5918, 5938, 5941, 5963
5922, 5923, 5928, 5942
5927, 5929, 5932
6006, 6007, 6016, 6033, 6038
6005, 6012
6048, 6065, 6084, 6086, 6095, 6114, 6116
6306, 6307, 6312, 6324, 6363
6374, 6375, 6388, 6396, 6401, 6424, 6438, 6443, 6455, 6456, 6465, 6466
6372, 6381, 6384
6448, 6477, 6548
6458, 6478, 6525, 6531, 6549
6461, 6482, 6558
6488, 6489, 6495, 6517, 6518, 6524, 6530, 6544, 6550, 6567, 6577, 6580, 6589, 6590, 6604, 6605
6501, 6511
6594, 6596, 6598
6618, 6619, 6622, 6637
6649, 6650, 6671, 6673, 6680
6653, 6654, 6663, 6683
6664, 6668
6642, 6679, 6682
6698, 6699, 6711, 6717, 6718, 6728, 6729, 6739
6709, 6712
6721, 6727
6740, 6750, 6755, 6760, 6761, 6766, 6774, 6787, 6792, 6799
6806, 6807, 6808, 6817
6802, 6821
6841, 6849, 6852, 6864, 6866, 6875, 6876, 6879
6902, 6904, 6913, 6919, 6920, 6924, 6948
6945, 6947
7024, 7025, 7052, 7057, 7066, 7072
7036, 7037, 7056, 7063, 7069
7111, 7112
