25, 55
72, 79, 82, 86, 90, 108, 114, 90, 114, 86, 90, 108, 114, 114, 108, 115, 135
80, 89, 102, 122, 101, 122, 131, 131, 132, 132
126, 129
150, 158
151, 174, 178, 160, 178, 204, 208, 166, 204
159, 160, 174, 178, 204, 208, 166, 204
161, 176
214, 242, 227
216, 236
217, 243, 261, 231, 261, 275, 235, 275, 261, 275, 262
231, 240, 243, 261, 275, 235, 243, 275, 261, 275, 262
300, 325, 343, 344, 347, 333, 362, 378
313, 347, 325, 333, 362, 378
357, 391, 360, 365, 396, 366, 396, 370, 398, 394, 408, 416, 421, 423, 423, 416, 421, 445, 452, 412, 421
370, 372, 389, 394, 396, 389, 394, 398, 398, 408, 412, 416, 421, 423, 391, 396, 408, 416, 421, 423, 423, 416, 421, 445, 452, 445, 421
387, 393, 412, 389, 416, 421, 423, 394, 421, 423, 396, 408, 421, 445, 452, 445, 421
515, 520, 532, 524
529, 545
560, 575, 581, 599, 597, 601, 624, 628, 611, 630, 640, 644, 648, 652, 648, 649, 651, 635, 652, 653, 657, 661, 662, 652, 654, 657, 662, 663, 669, 686, 651, 652, 654, 661, 662, 666, 669, 677, 681, 683, 686, 654, 661, 662, 666, 669, 672, 677, 681, 683, 686, 653, 686, 654, 662, 677, 681, 683, 686, 687, 677, 681, 683, 687, 689, 663, 669, 672, 678, 686, 666, 669, 672, 677, 678, 681, 683, 686, 687, 672, 678, 686, 689, 699, 702, 672, 677, 678, 681, 683, 686, 687, 689, 697, 700, 704, 672, 681, 683, 687, 697, 699, 700, 702, 703, 704, 706, 687, 696, 697, 699, 700, 702, 704, 706, 712, 681, 683, 686, 687, 689, 696, 697, 700, 704, 715, 717, 721, 729, 696, 697, 699, 700, 702, 704, 706, 712, 715, 717, 721, 683, 687, 689, 696, 697, 700, 704, 715, 717, 721, 729, 687, 689, 696, 697, 700, 704, 715, 717, 721, 729, 696, 697, 700, 703, 704, 706, 715, 717, 729, 741, 742, 699, 700, 702, 703, 704, 715, 717, 721, 691, 717, 703, 712, 715, 717, 745, 749, 753, 700, 703, 704, 706, 712, 715, 717, 729, 741, 742, 745, 753, 702, 703, 706, 712, 729, 741, 742, 749, 753, 703, 704, 706, 712, 715, 717, 729, 741, 742, 753, 712, 721, 729, 741, 742, 749, 753, 712, 715, 717, 721, 745, 749, 753, 712, 715, 717, 721, 729, 741, 742, 753, 715, 717, 721, 749, 753, 749, 717, 721, 729, 741, 742, 745, 765, 721, 729, 741, 742, 745, 765, 749, 753, 739, 753, 765, 769, 766
561, 581, 565, 593, 575, 599, 584, 597, 601, 624, 628, 611, 630, 640, 644, 648, 652, 648, 649, 651, 635, 652, 653, 657, 661, 662, 652, 654, 657, 662, 663, 669, 686, 651, 652, 654, 661, 662, 666, 669, 677, 681, 683, 686, 654, 661, 662, 666, 669, 672, 677, 681, 683, 686, 653, 686, 654, 662, 677, 681, 683, 686, 687, 677, 681, 683, 687, 689, 663, 669, 672, 678, 686, 666, 669, 672, 677, 678, 681, 683, 686, 687, 672, 678, 686, 689, 699, 702, 672, 677, 678, 681, 683, 686, 687, 689, 697, 700, 704, 672, 681, 683, 687, 697, 699, 700, 702, 703, 704, 706, 687, 696, 697, 699, 700, 702, 704, 706, 712, 681, 683, 686, 687, 689, 696, 697, 700, 704, 715, 717, 721, 729, 696, 697, 699, 700, 702, 704, 706, 712, 715, 717, 721, 683, 687, 689, 696, 697, 700, 704, 715, 717, 721, 729, 687, 689, 696, 697, 700, 704, 715, 717, 721, 729, 696, 697, 700, 703, 704, 706, 715, 717, 729, 741, 742, 699, 700, 702, 703, 704, 715, 717, 721, 691, 717, 703, 712, 715, 717, 745, 749, 753, 700, 703, 704, 706, 712, 715, 717, 729, 741, 742, 745, 753, 702, 703, 706, 712, 729, 741, 742, 749, 753, 703, 704, 706, 712, 715, 717, 729, 741, 742, 753, 712, 721, 729, 741, 742, 749, 753, 712, 715, 717, 721, 745, 749, 753, 712, 715, 717, 721, 729, 741, 742, 753, 715, 717, 721, 749, 753, 749, 717, 721, 729, 741, 742, 745, 765, 721, 729, 741, 742, 745, 765, 749, 753, 739, 753, 765, 769, 766
578, 586
604, 625, 605, 619, 648, 649, 651, 628, 652, 630, 649, 651, 635, 652, 653, 657, 661, 662, 652, 654, 657, 662, 663, 669, 686, 651, 652, 654, 661, 662, 666, 669, 677, 681, 683, 686, 654, 661, 662, 666, 669, 672, 677, 681, 683, 686, 653, 686, 654, 662, 677, 681, 683, 686, 687, 677, 681, 683, 687, 689, 663, 669, 672, 678, 686, 666, 669, 672, 677, 678, 681, 683, 686, 687, 672, 678, 686, 689, 699, 702, 672, 677, 678, 681, 683, 686, 687, 689, 697, 700, 704, 672, 681, 683, 687, 697, 699, 700, 702, 703, 704, 706, 687, 696, 697, 699, 700, 702, 704, 706, 712, 681, 683, 686, 687, 689, 696, 697, 700, 704, 715, 717, 721, 729, 696, 697, 699, 700, 702, 704, 706, 712, 715, 717, 721, 683, 687, 689, 696, 697, 700, 704, 715, 717, 721, 729, 687, 689, 696, 697, 700, 704, 715, 717, 721, 729, 696, 697, 700, 703, 704, 706, 715, 717, 729, 741, 742, 699, 700, 702, 703, 704, 715, 717, 721, 691, 717, 703, 712, 715, 717, 745, 749, 753, 700, 703, 704, 706, 712, 715, 717, 729, 741, 742, 745, 753, 702, 703, 706, 712, 729, 741, 742, 749, 753, 703, 704, 706, 712, 715, 717, 729, 741, 742, 753, 712, 721, 729, 741, 742, 749, 753, 712, 715, 717, 721, 745, 749, 753, 712, 715, 717, 721, 729, 741, 742, 753, 715, 717, 721, 749, 753, 749, 717, 721, 729, 741, 742, 745, 765, 721, 729, 741, 742, 745, 765, 749, 753, 739, 753, 765, 769, 766
605, 614, 625, 630, 616, 619, 624, 648, 649, 651, 628, 652, 648, 649, 651, 635, 652, 653, 657, 661, 662, 652, 654, 657, 662, 663, 669, 686, 651, 652, 654, 661, 662, 666, 669, 677, 681, 683, 686, 654, 661, 662, 666, 669, 672, 677, 681, 683, 686, 653, 686, 654, 662, 677, 681, 683, 686, 687, 677, 681, 683, 687, 689, 663, 669, 672, 678, 686, 666, 669, 672, 677, 678, 681, 683, 686, 687, 672, 678, 686, 689, 699, 702, 672, 677, 678, 681, 683, 686, 687, 689, 697, 700, 704, 672, 681, 683, 687, 697, 699, 700, 702, 703, 704, 706, 687, 696, 697, 699, 700, 702, 704, 706, 712, 681, 683, 686, 687, 689, 696, 697, 700, 704, 715, 717, 721, 729, 696, 697, 699, 700, 702, 704, 706, 712, 715, 717, 721, 683, 687, 689, 696, 697, 700, 704, 715, 717, 721, 729, 687, 689, 696, 697, 700, 704, 715, 717, 721, 729, 696, 697, 700, 703, 704, 706, 715, 717, 729, 741, 742, 699, 700, 702, 703, 704, 715, 717, 721, 691, 717, 703, 712, 715, 717, 745, 749, 753, 700, 703, 704, 706, 712, 715, 717, 729, 741, 742, 745, 753, 702, 703, 706, 712, 729, 741, 742, 749, 753, 703, 704, 706, 712, 715, 717, 729, 741, 742, 753, 712, 721, 729, 741, 742, 749, 753, 712, 715, 717, 721, 745, 749, 753, 712, 715, 717, 721, 729, 741, 742, 753, 715, 717, 721, 749, 753, 749, 717, 721, 729, 741, 742, 745, 765, 721, 729, 741, 742, 745, 765, 749, 753, 739, 753, 765, 769, 766
606, 616, 630, 624, 648, 649, 651, 635, 652, 653, 657, 661, 662, 652, 654, 657, 662, 663, 669, 686, 651, 652, 654, 661, 662, 666, 669, 677, 681, 683, 686, 654, 661, 662, 666, 669, 672, 677, 681, 683, 686, 653, 686, 654, 662, 677, 681, 683, 686, 687, 677, 681, 683, 687, 689, 663, 669, 672, 678, 686, 666, 669, 672, 677, 678, 681, 683, 686, 687, 672, 678, 686, 689, 699, 702, 672, 677, 678, 681, 683, 686, 687, 689, 697, 700, 704, 672, 681, 683, 687, 697, 699, 700, 702, 703, 704, 706, 687, 696, 697, 699, 700, 702, 704, 706, 712, 681, 683, 686, 687, 689, 696, 697, 700, 704, 715, 717, 721, 729, 696, 697, 699, 700, 702, 704, 706, 712, 715, 717, 721, 683, 687, 689, 696, 697, 700, 704, 715, 717, 721, 729, 687, 689, 696, 697, 700, 704, 715, 717, 721, 729, 696, 697, 700, 703, 704, 706, 715, 717, 729, 741, 742, 699, 700, 702, 703, 704, 715, 717, 721, 691, 717, 703, 712, 715, 717, 745, 749, 753, 700, 703, 704, 706, 712, 715, 717, 729, 741, 742, 745, 753, 702, 703, 706, 712, 729, 741, 742, 749, 753, 703, 704, 706, 712, 715, 717, 729, 741, 742, 753, 712, 721, 729, 741, 742, 749, 753, 712, 715, 717, 721, 745, 749, 753, 712, 715, 717, 721, 729, 741, 742, 753, 715, 717, 721, 749, 753, 749, 717, 721, 729, 741, 742, 745, 765, 721, 729, 741, 742, 745, 765, 749, 753, 739, 753, 765, 769, 766
611, 621, 628, 640, 644, 648, 652, 630, 649, 651, 635, 652, 653, 657, 661, 662, 652, 654, 657, 662, 663, 669, 686, 651, 652, 654, 661, 662, 666, 669, 677, 681, 683, 686, 654, 661, 662, 666, 669, 672, 677, 681, 683, 686, 653, 686, 654, 662, 677, 681, 683, 686, 687, 677, 681, 683, 687, 689, 663, 669, 672, 678, 686, 666, 669, 672, 677, 678, 681, 683, 686, 687, 672, 678, 686, 689, 699, 702, 672, 677, 678, 681, 683, 686, 687, 689, 697, 700, 704, 672, 681, 683, 687, 697, 699, 700, 702, 703, 704, 706, 687, 696, 697, 699, 700, 702, 704, 706, 712, 681, 683, 686, 687, 689, 696, 697, 700, 704, 715, 717, 721, 729, 696, 697, 699, 700, 702, 704, 706, 712, 715, 717, 721, 683, 687, 689, 696, 697, 700, 704, 715, 717, 721, 729, 687, 689, 696, 697, 700, 704, 715, 717, 721, 729, 696, 697, 700, 703, 704, 706, 715, 717, 729, 741, 742, 699, 700, 702, 703, 704, 715, 717, 721, 691, 717, 703, 712, 715, 717, 745, 749, 753, 700, 703, 704, 706, 712, 715, 717, 729, 741, 742, 745, 753, 702, 703, 706, 712, 729, 741, 742, 749, 753, 703, 704, 706, 712, 715, 717, 729, 741, 742, 753, 712, 721, 729, 741, 742, 749, 753, 712, 715, 717, 721, 745, 749, 753, 712, 715, 717, 721, 729, 741, 742, 753, 715, 717, 721, 749, 753, 749, 717, 721, 729, 741, 742, 745, 765, 721, 729, 741, 742, 745, 765, 749, 753, 739, 753, 765, 769, 766
784, 812, 804, 816, 835, 821, 830, 835, 822, 835, 835, 828, 851
854, 865, 880
886, 928, 924, 932, 941, 948, 952, 956, 948, 952, 956, 941, 956, 985, 952, 956, 964, 975, 980, 985, 986, 995, 996, 998, 1000, 1002, 963, 964, 975, 980, 985, 986, 996, 998, 1000, 1002, 960, 987, 1003, 1006, 1009, 1011, 1013, 1018, 987, 980, 969, 986, 1003, 1005, 1006, 1009, 1010, 1011, 1012, 1013, 1023, 970, 986, 1003, 1005, 1006, 1009, 1010, 1011, 1012, 1013, 1018, 1021, 1023, 971, 1006, 1009, 1010, 1011, 1012, 1013, 1023, 1028, 1032, 973, 1003, 1006, 1009, 1010, 1011, 1012, 1013, 1023, 1028, 1032, 976, 995, 1000, 1003, 1005, 1006, 1009, 1010, 1011, 1012, 1013, 1023, 1028, 1032, 979, 1006, 1009, 1010, 1011, 1012, 1013, 1023, 1028, 1032, 982, 995, 996, 998, 1000, 1002, 1003, 1005, 1006, 1009, 1011, 1013, 1029, 1030, 1032, 1035, 1037, 1021, 1009, 1011, 1013, 1028, 1032, 1037, 988, 1011, 1013, 1028, 1032, 1037, 992, 993, 1009, 1011, 1013, 1028, 1037, 1040, 1041, 1042, 1045, 1008, 997, 1021, 1029, 1000, 1003, 1006, 1009, 1011, 1013, 1040, 1041, 1009, 1011, 1013, 1040, 1041, 1042, 1045, 1021, 1006, 1009, 1010, 1011, 1012, 1013, 1018, 1023, 1029, 1030, 1035, 1040, 1041, 1045, 1046, 1049, 1052, 1057, 1058, 1059, 1060, 1032, 1037, 1040, 1041, 1045, 1058, 1009, 1010, 1011, 1012, 1013, 1018, 1023, 1029, 1030, 1035, 1040, 1041, 1045, 1046, 1049, 1052, 1057, 1058, 1059, 1060, 1007, 1041, 1042, 1045, 1058, 1010, 1012, 1040, 1041, 1045, 1058, 1011, 1013, 1023, 1028, 1029, 1030, 1032, 1035, 1040, 1041, 1046, 1049, 1052, 1057, 1058, 1059, 1060, 1040, 1041, 1058, 1013, 1023, 1028, 1029, 1030, 1032, 1035, 1040, 1041, 1046, 1049, 1052, 1057, 1058, 1059, 1060, 1040, 1041, 1042, 1058, 1023, 1028, 1029, 1030, 1032, 1035, 1040, 1041, 1046, 1049, 1052, 1057, 1058, 1059, 1060, 1015, 1041, 1053, 1057, 1017, 1024, 1030, 1060, 1029, 1046, 1059, 1040, 1041, 1058, 1061, 1030, 1060, 1026, 1041, 1052, 1053, 1057, 1058, 1061, 1040, 1041, 1061, 1067, 1068, 1069, 1075, 1032, 1040, 1041, 1069, 1075, 1032, 1040, 1041, 1069, 1075, 1067, 1068, 1069, 1075, 1036, 1052, 1053, 1057, 1067, 1068, 1069, 1075, 1077, 1068, 1069, 1075, 1045, 1046, 1049, 1052, 1057, 1058, 1059, 1060, 1069, 1075, 1077, 1084, 1086, 1045, 1046, 1049, 1052, 1057, 1058, 1059, 1060, 1069, 1075, 1077, 1084, 1086, 1069, 1075, 1069, 1075, 1053, 1077, 1057, 1069, 1075, 1077, 1069, 1075, 1069, 1075, 1067, 1075, 1084, 1086, 1095, 1098, 1101, 1084, 1086, 1095, 1098, 1101, 1092, 1116, 1137
890, 942, 899, 956, 917, 924, 928, 941, 985, 948, 964, 975, 980, 985, 986, 995, 996, 998, 1000, 1002, 952, 975, 980, 985, 986, 996, 998, 1000, 1002, 960, 987, 1003, 1006, 1009, 1011, 1013, 1018, 963, 980, 969, 986, 1003, 1005, 1006, 1009, 1010, 1011, 1012, 1013, 1023, 970, 986, 1003, 1005, 1006, 1009, 1010, 1011, 1012, 1013, 1018, 1021, 1023, 971, 1006, 1009, 1010, 1011, 1012, 1013, 1023, 1028, 1032, 973, 1003, 1006, 1009, 1010, 1011, 1012, 1013, 1023, 1028, 1032, 976, 995, 1000, 1003, 1005, 1006, 1009, 1010, 1011, 1012, 1013, 1023, 1028, 1032, 979, 1006, 1009, 1010, 1011, 1012, 1013, 1023, 1028, 1032, 982, 995, 996, 998, 1000, 1002, 1003, 1005, 1006, 1009, 1011, 1013, 1029, 1030, 1032, 1035, 1037, 1021, 1009, 1011, 1013, 1028, 1032, 1037, 988, 1011, 1013, 1028, 1032, 1037, 992, 993, 1009, 1011, 1013, 1028, 1037, 1040, 1041, 1042, 1045, 1008, 997, 1021, 1029, 1000, 1003, 1006, 1009, 1011, 1013, 1040, 1041, 1009, 1011, 1013, 1040, 1041, 1042, 1045, 1021, 1006, 1009, 1010, 1011, 1012, 1013, 1018, 1023, 1029, 1030, 1035, 1040, 1041, 1045, 1046, 1049, 1052, 1057, 1058, 1059, 1060, 1032, 1037, 1040, 1041, 1045, 1058, 1009, 1010, 1011, 1012, 1013, 1018, 1023, 1029, 1030, 1035, 1040, 1041, 1045, 1046, 1049, 1052, 1057, 1058, 1059, 1060, 1007, 1041, 1042, 1045, 1058, 1010, 1012, 1040, 1041, 1045, 1058, 1011, 1013, 1023, 1028, 1029, 1030, 1032, 1035, 1040, 1041, 1046, 1049, 1052, 1057, 1058, 1059, 1060, 1040, 1041, 1058, 1013, 1023, 1028, 1029, 1030, 1032, 1035, 1040, 1041, 1046, 1049, 1052, 1057, 1058, 1059, 1060, 1040, 1041, 1042, 1058, 1023, 1028, 1029, 1030, 1032, 1035, 1040, 1041, 1046, 1049, 1052, 1057, 1058, 1059, 1060, 1015, 1041, 1053, 1057, 1017, 1024, 1030, 1060, 1029, 1046, 1059, 1040, 1041, 1058, 1061, 1030, 1060, 1026, 1041, 1052, 1053, 1057, 1058, 1061, 1040, 1041, 1061, 1067, 1068, 1069, 1075, 1032, 1040, 1041, 1069, 1075, 1032, 1040, 1041, 1069, 1075, 1067, 1068, 1069, 1075, 1036, 1052, 1053, 1057, 1067, 1068, 1069, 1075, 1077, 1068, 1069, 1075, 1045, 1046, 1049, 1052, 1057, 1058, 1059, 1060, 1069, 1075, 1077, 1084, 1086, 1045, 1046, 1049, 1052, 1057, 1058, 1059, 1060, 1069, 1075, 1077, 1084, 1086, 1069, 1075, 1069, 1075, 1053, 1077, 1057, 1069, 1075, 1077, 1069, 1075, 1069, 1075, 1067, 1075, 1084, 1086, 1095, 1098, 1101, 1084, 1086, 1095, 1098, 1101, 1092, 1116, 1137
899, 917, 921, 924, 932, 941, 942, 956, 924, 932, 941, 948, 952, 956, 928, 932, 941, 948, 952, 956, 948, 952, 956, 941, 956, 985, 952, 956, 964, 975, 980, 985, 986, 995, 996, 998, 1000, 1002, 963, 964, 975, 980, 985, 986, 996, 998, 1000, 1002, 960, 987, 1003, 1006, 1009, 1011, 1013, 1018, 987, 980, 969, 986, 1003, 1005, 1006, 1009, 1010, 1011, 1012, 1013, 1023, 970, 986, 1003, 1005, 1006, 1009, 1010, 1011, 1012, 1013, 1018, 1021, 1023, 971, 1006, 1009, 1010, 1011, 1012, 1013, 1023, 1028, 1032, 973, 1003, 1006, 1009, 1010, 1011, 1012, 1013, 1023, 1028, 1032, 976, 995, 1000, 1003, 1005, 1006, 1009, 1010, 1011, 1012, 1013, 1023, 1028, 1032, 979, 1006, 1009, 1010, 1011, 1012, 1013, 1023, 1028, 1032, 982, 995, 996, 998, 1000, 1002, 1003, 1005, 1006, 1009, 1011, 1013, 1029, 1030, 1032, 1035, 1037, 1021, 1009, 1011, 1013, 1028, 1032, 1037, 988, 1011, 1013, 1028, 1032, 1037, 992, 993, 1009, 1011, 1013, 1028, 1037, 1040, 1041, 1042, 1045, 1008, 997, 1021, 1029, 1000, 1003, 1006, 1009, 1011, 1013, 1040, 1041, 1009, 1011, 1013, 1040, 1041, 1042, 1045, 1021, 1006, 1009, 1010, 1011, 1012, 1013, 1018, 1023, 1029, 1030, 1035, 1040, 1041, 1045, 1046, 1049, 1052, 1057, 1058, 1059, 1060, 1032, 1037, 1040, 1041, 1045, 1058, 1009, 1010, 1011, 1012, 1013, 1018, 1023, 1029, 1030, 1035, 1040, 1041, 1045, 1046, 1049, 1052, 1057, 1058, 1059, 1060, 1007, 1041, 1042, 1045, 1058, 1010, 1012, 1040, 1041, 1045, 1058, 1011, 1013, 1023, 1028, 1029, 1030, 1032, 1035, 1040, 1041, 1046, 1049, 1052, 1057, 1058, 1059, 1060, 1040, 1041, 1058, 1013, 1023, 1028, 1029, 1030, 1032, 1035, 1040, 1041, 1046, 1049, 1052, 1057, 1058, 1059, 1060, 1040, 1041, 1042, 1058, 1023, 1028, 1029, 1030, 1032, 1035, 1040, 1041, 1046, 1049, 1052, 1057, 1058, 1059, 1060, 1015, 1041, 1053, 1057, 1017, 1024, 1030, 1060, 1029, 1046, 1059, 1040, 1041, 1058, 1061, 1030, 1060, 1026, 1041, 1052, 1053, 1057, 1058, 1061, 1040, 1041, 1061, 1067, 1068, 1069, 1075, 1032, 1040, 1041, 1069, 1075, 1032, 1040, 1041, 1069, 1075, 1067, 1068, 1069, 1075, 1036, 1052, 1053, 1057, 1067, 1068, 1069, 1075, 1077, 1068, 1069, 1075, 1045, 1046, 1049, 1052, 1057, 1058, 1059, 1060, 1069, 1075, 1077, 1084, 1086, 1045, 1046, 1049, 1052, 1057, 1058, 1059, 1060, 1069, 1075, 1077, 1084, 1086, 1069, 1075, 1069, 1075, 1053, 1077, 1057, 1069, 1075, 1077, 1069, 1075, 1069, 1075, 1067, 1075, 1084, 1086, 1095, 1098, 1101, 1084, 1086, 1095, 1098, 1101, 1092, 1116, 1137
910, 948, 952, 917, 952, 956, 924, 952, 956, 928, 952, 956, 941, 985, 952, 956, 964, 975, 980, 985, 986, 995, 996, 998, 1000, 1002, 963, 964, 975, 980, 985, 986, 996, 998, 1000, 1002, 960, 987, 1003, 1006, 1009, 1011, 1013, 1018, 987, 980, 969, 986, 1003, 1005, 1006, 1009, 1010, 1011, 1012, 1013, 1023, 970, 986, 1003, 1005, 1006, 1009, 1010, 1011, 1012, 1013, 1018, 1021, 1023, 971, 1006, 1009, 1010, 1011, 1012, 1013, 1023, 1028, 1032, 973, 1003, 1006, 1009, 1010, 1011, 1012, 1013, 1023, 1028, 1032, 976, 995, 1000, 1003, 1005, 1006, 1009, 1010, 1011, 1012, 1013, 1023, 1028, 1032, 979, 1006, 1009, 1010, 1011, 1012, 1013, 1023, 1028, 1032, 982, 995, 996, 998, 1000, 1002, 1003, 1005, 1006, 1009, 1011, 1013, 1029, 1030, 1032, 1035, 1037, 1021, 1009, 1011, 1013, 1028, 1032, 1037, 988, 1011, 1013, 1028, 1032, 1037, 992, 993, 1009, 1011, 1013, 1028, 1037, 1040, 1041, 1042, 1045, 1008, 997, 1021, 1029, 1000, 1003, 1006, 1009, 1011, 1013, 1040, 1041, 1009, 1011, 1013, 1040, 1041, 1042, 1045, 1021, 1006, 1009, 1010, 1011, 1012, 1013, 1018, 1023, 1029, 1030, 1035, 1040, 1041, 1045, 1046, 1049, 1052, 1057, 1058, 1059, 1060, 1032, 1037, 1040, 1041, 1045, 1058, 1009, 1010, 1011, 1012, 1013, 1018, 1023, 1029, 1030, 1035, 1040, 1041, 1045, 1046, 1049, 1052, 1057, 1058, 1059, 1060, 1007, 1041, 1042, 1045, 1058, 1010, 1012, 1040, 1041, 1045, 1058, 1011, 1013, 1023, 1028, 1029, 1030, 1032, 1035, 1040, 1041, 1046, 1049, 1052, 1057, 1058, 1059, 1060, 1040, 1041, 1058, 1013, 1023, 1028, 1029, 1030, 1032, 1035, 1040, 1041, 1046, 1049, 1052, 1057, 1058, 1059, 1060, 1040, 1041, 1042, 1058, 1023, 1028, 1029, 1030, 1032, 1035, 1040, 1041, 1046, 1049, 1052, 1057, 1058, 1059, 1060, 1015, 1041, 1053, 1057, 1017, 1024, 1030, 1060, 1029, 1046, 1059, 1040, 1041, 1058, 1061, 1030, 1060, 1026, 1041, 1052, 1053, 1057, 1058, 1061, 1040, 1041, 1061, 1067, 1068, 1069, 1075, 1032, 1040, 1041, 1069, 1075, 1032, 1040, 1041, 1069, 1075, 1067, 1068, 1069, 1075, 1036, 1052, 1053, 1057, 1067, 1068, 1069, 1075, 1077, 1068, 1069, 1075, 1045, 1046, 1049, 1052, 1057, 1058, 1059, 1060, 1069, 1075, 1077, 1084, 1086, 1045, 1046, 1049, 1052, 1057, 1058, 1059, 1060, 1069, 1075, 1077, 1084, 1086, 1069, 1075, 1069, 1075, 1053, 1077, 1057, 1069, 1075, 1077, 1069, 1075, 1069, 1075, 1067, 1075, 1084, 1086, 1095, 1098, 1101, 1084, 1086, 1095, 1098, 1101, 1092, 1116, 1137
968, 993, 1024, 1030, 999, 1003, 1035, 1040, 1041, 1045, 1046, 1049, 1052, 1057, 1058, 1059, 1060, 1005, 1041, 1045, 1058, 1006, 1035, 1040, 1041, 1045, 1046, 1049, 1052, 1057, 1058, 1059, 1060, 1007, 1041, 1042, 1045, 1058, 1008, 1041, 1045, 1058, 1009, 1032, 1035, 1040, 1041, 1046, 1049, 1052, 1057, 1058, 1059, 1060, 1010, 1041, 1058, 1011, 1032, 1035, 1040, 1041, 1046, 1049, 1052, 1057, 1058, 1059, 1060, 1012, 1041, 1042, 1058, 1013, 1032, 1035, 1040, 1041, 1046, 1049, 1052, 1057, 1058, 1059, 1060, 1015, 1041, 1053, 1057, 1017, 1030, 1060, 1021, 1059, 1023, 1041, 1058, 1061, 1030, 1060, 1026, 1041, 1052, 1053, 1057, 1058, 1061, 1028, 1041, 1061, 1067, 1068, 1069, 1075, 1029, 1040, 1041, 1069, 1075, 1032, 1040, 1041, 1069, 1075, 1067, 1068, 1069, 1075, 1036, 1053, 1057, 1067, 1068, 1069, 1075, 1077, 1037, 1069, 1075, 1045, 1046, 1049, 1052, 1057, 1058, 1059, 1060, 1069, 1075, 1077, 1084, 1086, 1045, 1046, 1049, 1052, 1057, 1058, 1059, 1060, 1069, 1075, 1077, 1084, 1086, 1069, 1075, 1069, 1075, 1053, 1077, 1057, 1069, 1075, 1077, 1069, 1075, 1069, 1075, 1067, 1075, 1084, 1086, 1095, 1098, 1101, 1084, 1086, 1095, 1098, 1101, 1092, 1116, 1137
971, 979, 1003, 1006, 1009, 1010, 1011, 1012, 1013, 1023, 1028, 1032, 973, 1006, 1009, 1010, 1011, 1012, 1013, 1023, 1028, 1032, 976, 1005, 1006, 1009, 1010, 1011, 1012, 1013, 1023, 1028, 1032, 1003, 1006, 1009, 1010, 1011, 1012, 1013, 1023, 1028, 1032, 985, 1005, 1006, 1009, 1011, 1013, 1029, 1030, 1032, 1035, 1037, 987, 1011, 1013, 1028, 1032, 1037, 988, 1011, 1013, 1028, 1032, 1037, 993, 995, 1011, 1013, 1028, 1037, 1040, 1041, 1042, 1045, 997, 998, 1006, 1009, 1011, 1013, 1040, 1041, 1000, 1011, 1013, 1040, 1041, 1042, 1045, 1006, 1009, 1010, 1011, 1012, 1013, 1018, 1023, 1029, 1030, 1035, 1040, 1041, 1045, 1046, 1049, 1052, 1057, 1058, 1059, 1060, 1032, 1037, 1040, 1041, 1045, 1058, 1009, 1010, 1011, 1012, 1013, 1018, 1023, 1029, 1030, 1035, 1040, 1041, 1045, 1046, 1049, 1052, 1057, 1058, 1059, 1060, 1007, 1041, 1042, 1045, 1058, 1008, 1012, 1040, 1041, 1045, 1058, 1011, 1013, 1023, 1028, 1029, 1030, 1032, 1035, 1040, 1041, 1046, 1049, 1052, 1057, 1058, 1059, 1060, 1040, 1041, 1058, 1013, 1023, 1028, 1029, 1030, 1032, 1035, 1040, 1041, 1046, 1049, 1052, 1057, 1058, 1059, 1060, 1040, 1041, 1042, 1058, 1023, 1028, 1029, 1030, 1032, 1035, 1040, 1041, 1046, 1049, 1052, 1057, 1058, 1059, 1060, 1015, 1041, 1053, 1057, 1017, 1024, 1030, 1060, 1021, 1046, 1059, 1040, 1041, 1058, 1061, 1030, 1060, 1026, 1041, 1052, 1053, 1057, 1058, 1061, 1040, 1041, 1061, 1067, 1068, 1069, 1075, 1032, 1040, 1041, 1069, 1075, 1032, 1040, 1041, 1069, 1075, 1067, 1068, 1069, 1075, 1036, 1052, 1053, 1057, 1067, 1068, 1069, 1075, 1077, 1068, 1069, 1075, 1045, 1046, 1049, 1052, 1057, 1058, 1059, 1060, 1069, 1075, 1077, 1084, 1086, 1045, 1046, 1049, 1052, 1057, 1058, 1059, 1060, 1069, 1075, 1077, 1084, 1086, 1069, 1075, 1069, 1075, 1053, 1077, 1057, 1069, 1075, 1077, 1069, 1075, 1069, 1075, 1067, 1075, 1084, 1086, 1095, 1098, 1101, 1084, 1086, 1095, 1098, 1101, 1092, 1116, 1137
1015, 1026, 1040, 1041, 1053, 1057, 1023, 1041, 1058, 1061, 1036, 1040, 1041, 1052, 1053, 1057, 1058, 1061, 1028, 1041, 1061, 1067, 1068, 1069, 1075, 1029, 1041, 1069, 1075, 1030, 1041, 1069, 1075, 1032, 1068, 1069, 1075, 1037, 1052, 1053, 1057, 1067, 1068, 1069, 1075, 1077, 1068, 1069, 1075, 1045, 1046, 1049, 1052, 1057, 1058, 1059, 1060, 1069, 1075, 1077, 1084, 1086, 1045, 1046, 1049, 1052, 1057, 1058, 1059, 1060, 1069, 1075, 1077, 1084, 1086, 1042, 1075, 1069, 1075, 1053, 1077, 1057, 1069, 1075, 1077, 1069, 1075, 1069, 1075, 1067, 1075, 1084, 1086, 1095, 1098, 1101, 1084, 1086, 1095, 1098, 1101, 1092, 1116, 1137
1016, 1017, 1018, 1024, 1030, 1060, 1030, 1060, 1032, 1040, 1041, 1069, 1075, 1067, 1068, 1069, 1075, 1036, 1068, 1069, 1075, 1077, 1037, 1069, 1075, 1045, 1046, 1049, 1052, 1057, 1058, 1059, 1060, 1069, 1075, 1077, 1084, 1086, 1045, 1046, 1049, 1052, 1057, 1058, 1059, 1060, 1069, 1075, 1077, 1084, 1086, 1042, 1075, 1069, 1075, 1053, 1077, 1057, 1069, 1075, 1077, 1069, 1075, 1069, 1075, 1061, 1075, 1084, 1086, 1095, 1098, 1101, 1084, 1086, 1095, 1098, 1101, 1092, 1116, 1137
1080, 1105, 1113, 1130, 1130
1093, 1113, 1105, 1130, 1130
1139, 1140, 1168, 1165, 1182, 1157, 1182, 1189, 1194, 1194, 1206, 1224, 1205, 1224
1223, 1231, 1237, 1245, 1249, 1255, 1260, 1262, 1257, 1298, 1309, 1321, 1323, 1326, 1337, 1310, 1323, 1326, 1328, 1350, 1359, 1362, 1365, 1313, 1323, 1326, 1350, 1359, 1317, 1323, 1326, 1350, 1359, 1323, 1324, 1325, 1326, 1336, 1337, 1350, 1354, 1358, 1362, 1368, 1372, 1375, 1326, 1333, 1336, 1337, 1350, 1354, 1358, 1362, 1368, 1372, 1375, 1336, 1337, 1350, 1354, 1358, 1362, 1372, 1375, 1350, 1359, 1362, 1365, 1368, 1372, 1331, 1359, 1361, 1368, 1372, 1375, 1379, 1383, 1350, 1359, 1379, 1383, 1344, 1354, 1358, 1362, 1368, 1372, 1375, 1383, 1397, 1359, 1383, 1388, 1359, 1383, 1368, 1372, 1375, 1383, 1397, 1383
1258, 1277, 1271, 1278, 1310, 1321, 1323, 1326, 1328, 1350, 1359, 1362, 1365, 1313, 1323, 1326, 1350, 1359, 1317, 1323, 1326, 1350, 1359, 1323, 1324, 1325, 1326, 1336, 1337, 1350, 1354, 1358, 1362, 1368, 1372, 1375, 1326, 1333, 1336, 1337, 1350, 1354, 1358, 1362, 1368, 1372, 1375, 1336, 1337, 1350, 1354, 1358, 1362, 1372, 1375, 1350, 1359, 1362, 1365, 1368, 1372, 1331, 1359, 1361, 1368, 1372, 1375, 1379, 1383, 1350, 1359, 1379, 1383, 1344, 1354, 1358, 1362, 1368, 1372, 1375, 1383, 1397, 1359, 1383, 1388, 1359, 1383, 1368, 1372, 1375, 1383, 1397, 1383
1291, 1321, 1323, 1326, 1337, 1296, 1323, 1326, 1298, 1323, 1326, 1337, 1310, 1323, 1326, 1328, 1350, 1359, 1362, 1365, 1313, 1323, 1326, 1350, 1359, 1317, 1323, 1326, 1350, 1359, 1323, 1324, 1325, 1326, 1336, 1337, 1350, 1354, 1358, 1362, 1368, 1372, 1375, 1326, 1333, 1336, 1337, 1350, 1354, 1358, 1362, 1368, 1372, 1375, 1336, 1337, 1350, 1354, 1358, 1362, 1372, 1375, 1350, 1359, 1362, 1365, 1368, 1372, 1331, 1359, 1361, 1368, 1372, 1375, 1379, 1383, 1350, 1359, 1379, 1383, 1344, 1354, 1358, 1362, 1368, 1372, 1375, 1383, 1397, 1359, 1383, 1388, 1359, 1383, 1368, 1372, 1375, 1383, 1397, 1383
1311, 1331, 1320, 1350, 1359, 1361, 1368, 1372, 1375, 1379, 1383, 1337, 1359, 1379, 1383, 1344, 1354, 1358, 1362, 1368, 1372, 1375, 1383, 1397, 1359, 1383, 1388, 1359, 1383, 1368, 1372, 1375, 1383, 1397, 1383
1316, 1358, 1321, 1362, 1368, 1372, 1375, 1323, 1362, 1368, 1372, 1375, 1326, 1362, 1372, 1375, 1328, 1365, 1368, 1372, 1331, 1372, 1375, 1379, 1383, 1337, 1383, 1344, 1350, 1362, 1368, 1372, 1375, 1383, 1397, 1354, 1388, 1359, 1383, 1368, 1372, 1375, 1383, 1397, 1361
