18, 24
80, 89, 101, 101, 122, 102
126, 129
160, 178, 213
176, 199
231, 235, 243, 275, 292, 333
301, 314
320, 337, 325, 347, 340
389, 416, 394, 408
399, 409
432, 472
442, 443, 451
452, 464, 471
524, 532
558, 559
635, 653, 654, 657, 661, 663, 669, 677, 681, 683, 686, 689, 672, 687, 697, 717, 702, 745, 753
652, 654, 686, 653, 657, 661, 663, 669, 677, 681, 683, 686, 689, 672, 687, 697, 717, 702, 745, 753
702, 706, 717, 745, 753
816, 822
917, 924, 928, 948, 952
930, 931
971, 979, 985, 993, 1003, 1006, 1009, 1011, 1013
982, 987, 995
1026, 1036, 1053
1052, 1077
1093, 1098, 1116, 1117
1139, 1140
1145, 1146
1258, 1262, 1272
1298, 1321, 1323, 1326, 1323
1328, 1337, 1368
1362, 1372
