7, 12
3, 18, 24, 25, 28, 33, 41, 55
80, 89, 101, 102, 122, 132
126, 129
151, 160, 174, 178, 204, 213
217, 231, 235, 240, 243, 262, 275
325, 337
340, 343, 347
370, 372, 389, 391, 396, 398
400, 404
408, 416, 421, 423
443, 445, 456
452, 464, 471
479, 483, 487, 489, 493, 496
521, 524, 532
529, 536
560, 561, 565
586, 593, 599
605, 614, 624, 628, 630
635, 643, 648, 649, 651, 652, 653, 654, 657, 661, 663, 666, 669, 672, 677, 681, 683
686, 687, 697, 699, 700, 702, 704, 706
707, 712, 715, 717, 720, 721
723, 723, 737, 745, 749, 753
784, 799
804, 812, 816, 822, 835
865, 880
899, 917, 924, 928, 941, 948, 952
962, 971
963, 973, 982, 985, 987
994, 995, 1000, 1003, 1006, 1009, 1011, 1013
1015, 1026, 1028, 1036, 1040, 1041, 1052, 1053, 1057, 1061, 1069, 1075, 1077
1098, 1116, 1117, 1137
1140, 1157, 1162, 1165, 1182, 1194, 1206, 1223, 1224, 1227, 1231
1257, 1262, 1271
1321, 1323, 1326, 1328
1331, 1337
1350, 1359, 1362, 1365, 1368, 1372
1396, 1410
