3, 11, 23, 41, 56, 62
10, 16
29, 42
44, 46, 52, 54
75, 76, 81
74, 77, 79
87, 89
96, 97, 101, 103, 104, 106, 119
111, 122
127, 129
130, 133, 134, 149, 151, 153, 154, 155, 162, 166, 172, 177
180, 183, 184, 188
193, 207
213, 214, 216, 222, 225, 227, 230, 235, 237
239, 240
245, 247
243, 249
256, 257, 263, 265, 266, 270, 272, 274, 276, 279, 282, 284, 285, 286, 293, 295, 296, 299
283, 287
303, 304
300, 305, 306, 310
338, 339, 350, 354, 355, 356, 358
333, 362
365, 367, 369, 384
370, 375, 388
376, 381
398, 400, 403, 404
420, 423, 424, 426, 430, 436, 445, 452, 459
416, 438, 444
432, 450, 454, 456
464, 471, 477, 482
469, 472
465, 473
466, 479
483, 484
481, 489, 492
495, 496
491, 503, 507
511, 513
514, 516
515, 517
519, 521, 523
537, 539, 554, 555
542, 547
562, 564, 574, 575, 589
578, 591
601, 604
611, 617
612, 630
624, 631, 642, 656, 662, 666
634, 638, 648
671, 673, 677, 682, 685, 687, 689, 690
707, 712, 714, 715, 716
718, 724, 727
737, 738, 749
740, 742, 743
745, 750, 751
755, 757
760, 762, 771
776, 786
796, 797, 799, 800
801, 818, 826
840, 848
854, 858, 872
860, 873
878, 879
881, 881, 904
887, 888, 894
940, 941
923, 943, 944, 946
950, 951
958, 959, 966, 979, 1001
961, 962
967, 968
965, 977
980, 981, 997
986, 990
987, 999, 1008, 1019
1002, 1003, 1010
1012, 1013
1024, 1025
1029, 1030, 1051, 1090
1031, 1032, 1052, 1091
1040, 1041, 1044, 1056, 1067, 1068
1047, 1048, 1054
1034, 1050
1033, 1053, 1092
1070, 1077, 1085
1081, 1082, 1089, 1100
1103, 1119
1101, 1122
1128, 1128, 1137, 1140
1131, 1141
1162, 1163
1165, 1166
1169, 1170, 1172, 1179
1173, 1174
1175, 1176
1167, 1182
1225, 1233, 1246, 1248, 1263, 1274, 1276, 1283
1235, 1237
1266, 1270
1290, 1291
1297, 1298, 1301
1302, 1303
1343, 1344
1348, 1351, 1359, 1382
1345, 1356, 1367, 1386
1387, 1393
1417, 1418, 1448
1424, 1425
1434, 1435, 1438, 1454
1467, 1468
1471, 1472, 1475
1497, 1498
1501, 1502
1507, 1508, 1521, 1543, 1574
1510, 1511, 1523, 1534, 1551, 1573
1540, 1541, 1548
1649, 1654, 1660, 1672, 1673
1675, 1676
1680, 1681, 1692, 1698, 1704
1682, 1687, 1706, 1709, 1712, 1715, 1730, 1731, 1739
1694, 1695
1707, 1720, 1723, 1724, 1726
1728, 1729
1744, 1745, 1757, 1769
1748, 1749, 1758
1763, 1764, 1767, 1788, 1799
1759, 1777, 1779
1771, 1780, 1784, 1786, 1795, 1797
1781, 1782, 1792
1789, 1798
1813, 1814
1816, 1818
1811, 1823
1824, 1825
1832, 1833, 1834, 1837, 1847
1839, 1849
1829, 1850
1860, 1863
1878, 1879, 1886, 1897, 1898
1880, 1881
1890, 1891
1916, 1917, 1927, 1930
1918, 1925, 1931, 1932
1933, 1934, 1937, 1940, 1952
1955, 1956
1953, 1964
1975, 1976
1977, 1977
1982, 1983, 1996
1984, 1985, 1986, 2026
1999, 2000, 2001, 2006, 2022, 2033, 2034
2002, 2003
1980, 2023, 2029, 2040
2045, 2046, 2047, 2050, 2061
2084, 2085
2083, 2086, 2089
2168, 2169
2162, 2177, 2197
2183, 2185, 2200
2209, 2215, 2216, 2221, 2227, 2232, 2236, 2237, 2238
2228, 2229
2230, 2235
2253, 2254
2252, 2255, 2258, 2266, 2270, 2286, 2303
2271, 2274
2289, 2290
2291, 2295
2294, 2300
2311, 2316, 2323
2332, 2333, 2343, 2347
2330, 2337, 2375
2350, 2351
2352, 2353
2377, 2378
2393, 2394, 2399
2396, 2397
2424, 2425
2423, 2426, 2436, 2450, 2464, 2466
2469, 2470, 2480, 2488
2511, 2512
2510, 2517, 2520, 2530
2524, 2525, 2528, 2535, 2545
2546, 2554
2565, 2577, 2583, 2592
2608, 2616
2603, 2620
2621, 2626, 2630
2632, 2640
2651, 2652
2654, 2655, 2677, 2693, 2697
2668, 2669, 2672
2690, 2691, 2703
2706, 2707
2717, 2718, 2725, 2760
2731, 2732
2733, 2734, 2735, 2738, 2744, 2752, 2767
2739, 2740
2746, 2747
2742, 2756
2776, 2777, 2778, 2786
2774, 2789
2790, 2791
2794, 2795
2816, 2817
2815, 2834, 2837, 2869, 2870, 2881
2850, 2858
2857, 2866
2882, 2882
2895, 2896
2888, 2902
2920, 2925, 2950, 2951
2942, 2943
3021, 3022
3025, 3026
3039, 3040
3047, 3048
3052, 3053
3056, 3057
3059, 3065, 3085, 3086, 3101, 3113, 3121
3066, 3067
3072, 3073
3122, 3123
3124, 3125
3132, 3133, 3147
3174, 3175, 3176
3182, 3183, 3184, 3189, 3199
3185, 3186
3221, 3224, 3228, 3232, 3234
3237, 3242, 3248, 3249, 3250
3251, 3264, 3266
3268, 3269, 3273, 3275, 3284, 3285, 3291, 3292
3279, 3280, 3282, 3286, 3296
3299, 3300, 3310, 3316
3301, 3302
3319, 3320, 3325, 3328
3368, 3369
3380, 3381, 3400, 3417
3384, 3385
3405, 3406
3436, 3437
3458, 3459
3478, 3479
3480, 3481
3490, 3492
3535, 3536
3570, 3580, 3584, 3587, 3597, 3599, 3610
3612, 3622, 3627, 3628, 3631, 3646
3636, 3637
3664, 3665, 3666, 3670
3680, 3681
3700, 3701
3711, 3712, 3734, 3735, 3750, 3751, 3761, 3763, 3771, 3773, 3779
3720, 3722
3723, 3724
3725, 3726
3742, 3743
3758, 3759
3780, 3781
3783, 3784
3786, 3787
3788, 3789
3799, 3800, 3808, 3814, 3827
3809, 3809
3815, 3829, 3834
3824, 3848
3850, 3851, 3854
3863, 3864
3870, 3871, 3876, 3878
3869, 3885, 3890
3893, 3894
3916, 3917
3920, 3930
3939, 3954
3977, 3978, 3988
3982, 3983
3990, 3991, 3993
4005, 4006
4008, 4009, 4020
4014, 4029
4042, 4043, 4050
4058, 4059
4087, 4088
4097, 4098
4105, 4106
4107, 4109
4118, 4119, 4122, 4128, 4142, 4143
4138, 4139
4154, 4156
4152, 4158, 4170
4159, 4161, 4166
4168, 4168
4171, 4172
4173, 4174
4182, 4183, 4194, 4196
4187, 4188
4219, 4223
4273, 4274, 4276
4288, 4297, 4306, 4309, 4315, 4324, 4329
4300, 4301
4290, 4305, 4308, 4314
4320, 4322, 4326
4334, 4335
4325, 4336, 4337, 4338, 4347, 4350, 4351
4359, 4372, 4387, 4400, 4401
4434, 4435, 4437, 4444, 4449
4463, 4464
4488, 4489, 4496, 4505, 4506
4552, 4553, 4558, 4564, 4569, 4576
4579, 4583, 4584, 4592, 4606, 4617, 4620, 4627
4632, 4637
4639, 4640
4665, 4666
4695, 4721
4733, 4734, 4751, 4757, 4760, 4791
4825, 4826, 4829, 4842, 4858
4831, 4832, 4838, 4848, 4855, 4856, 4862, 4878
4879, 4880, 4892
4882, 4882
4887, 4888, 4900, 4917
4941, 4947, 4957, 4961
4939, 4949, 4960
4974, 4975, 4982, 4992, 4996
4986, 4987, 4993
4988, 4989
5013, 5014, 5020
5027, 5028
5031, 5039
5029, 5048
5081, 5082, 5084, 5089, 5095, 5100
5108, 5109
5112, 5128, 5130, 5141, 5184
5194, 5210, 5223
5224, 5225
5226, 5237, 5243, 5251
5254, 5255
5252, 5261, 5262, 5269, 5271, 5278
5279, 5280
5308, 5309
5330, 5336
5338, 5339
5345, 5346, 5357, 5364, 5389, 5403, 5419, 5431, 5432
5347, 5348, 5361, 5366, 5371
5358, 5359
5381, 5385, 5387
5392, 5394, 5397
5398, 5399
5409, 5413
5435, 5436
5442, 5447, 5451, 5452
5473, 5474, 5481, 5493, 5510, 5511, 5525
5484, 5485
5512, 5513, 5523
5528, 5536, 5558, 5565, 5576
5534, 5548, 5549, 5559, 5573, 5574
5582, 5583
5584, 5585, 5587, 5596, 5600
5588, 5589, 5602
5591, 5592, 5603, 5610
5593, 5594
5614, 5615
5622, 5623, 5636, 5659, 5660
5624, 5625
5644, 5645, 5647
5648, 5649
5682, 5683
5690, 5704, 5719, 5738, 5740
5735, 5736
5751, 5752, 5758
5746, 5757
5775, 5780, 5814, 5815, 5830
5805, 5807
5818, 5821
5832, 5833
5849, 5858
5862, 5863, 5866, 5895
5910, 5911, 5925
5912, 5918
5921, 5922, 5923, 5928, 5942
5927, 5929
5938, 5941
5983, 5984
5986, 5986
6004, 6005, 6012
6006, 6007, 6016, 6033, 6038
6032, 6035
6039, 6040
6059, 6060
6048, 6065, 6086, 6095, 6114, 6116
6130, 6131
6139, 6147, 6177, 6178, 6184, 6197, 6206, 6209, 6224
6188, 6189
6211, 6225
6237, 6238
6239, 6253, 6276
6289, 6290
6261, 6292
6280, 6296
6299, 6303, 6306, 6312, 6324, 6332, 6352, 6354, 6361, 6363, 6364
6307, 6307
6373, 6373
6374, 6375, 6388, 6396, 6401
6408, 6409
6424, 6438, 6443, 6455, 6456, 6465
6448, 6458
6477, 6478
6488, 6489, 6495, 6517, 6518, 6524, 6530
6501, 6511
6525, 6531
6548, 6549
6544, 6550, 6567, 6577, 6580, 6589, 6590, 6604, 6605
6558, 6559
6593, 6594, 6596, 6598
6610, 6611
6614, 6615
6618, 6619, 6622, 6637, 6640
6642, 6643
6649, 6650
6653, 6654, 6663, 6683
6664, 6668
6671, 6673, 6680, 6682
6698, 6699, 6711, 6717
6708, 6709, 6712
6721, 6727
6718, 6728, 6729, 6739, 6750, 6755, 6760, 6761, 6766, 6774, 6787, 6792, 6799
6745, 6746
6806, 6807, 6808, 6817
6809, 6810
6815, 6825
6840, 6841, 6849, 6852, 6864
6844, 6845
6865, 6866, 6875, 6876, 6879
6868, 6869
6902, 6904, 6913, 6919, 6920, 6924, 6948
6906, 6907
6908, 6909
6927, 6928
6945, 6947
6989, 6990
6992, 6993
6985, 6995
7000, 7001
7023, 7023
7036, 7037
7038, 7039, 7056, 7063, 7069
7057, 7066
7111, 7112
