2, 24, 7
28, 33
71, 73
72, 101, 77, 81, 102, 91
85, 94
126, 129
145, 146
148, 149
152, 161, 155
153, 162
231, 243, 275, 275
271, 272
297, 298
300, 337, 320, 326, 343, 347, 348, 341
309, 310
367, 369
391, 396
426, 456, 493, 445, 483, 489, 496, 483, 489, 496, 482, 502, 489, 496, 493, 496
430, 435, 436, 437, 438
432, 461
442, 443, 451
447, 464, 452, 471
558, 559
561, 565, 581
578, 586
601, 628, 648
618, 619
635, 653
650, 652, 654, 686, 669, 656, 661, 687, 663, 666, 687, 697, 677, 687, 689, 697, 717, 680, 681, 687, 697, 717, 683, 687, 697, 717, 697, 717, 693, 706, 721, 745, 699, 700, 717, 702, 749, 724, 765
657, 663, 687, 661, 672, 677, 681, 683, 686, 687, 687, 666, 677, 681, 683, 686, 687, 697, 681, 683, 686, 687, 689, 697, 717, 680, 683, 686, 687, 697, 717, 686, 687, 697, 717, 697, 717, 693, 706, 721, 745, 699, 700, 717, 702, 749, 724, 765
693, 696, 697, 706, 721, 745, 699, 700, 717, 702, 749, 724, 765
722, 738
773, 782
812, 830, 835, 822
832, 837
841, 852
890, 942
899, 932, 956
917, 924
919, 948, 952, 952, 985, 995, 985, 995, 987, 1003, 1006, 1009, 1011, 1013, 1035, 995, 999, 1011, 1013, 1006, 1009, 1011, 1013, 1015, 1023, 1037, 1058, 1009, 1011, 1013, 1015, 1023, 1037, 1058, 1007, 1011, 1013, 1015, 1023, 1027, 1037, 1058, 1013, 1015, 1023, 1027, 1037, 1058, 1015, 1023, 1027, 1037, 1058, 1037, 1028
930, 931
957, 962
966, 1003, 1006, 1009, 1011, 1013, 985, 1006, 1009, 1011, 1013, 1035, 999, 1011, 1013, 1006, 1009, 1011, 1013, 1015, 1023, 1037, 1058, 1009, 1011, 1013, 1015, 1023, 1037, 1058, 1007, 1011, 1013, 1015, 1023, 1027, 1037, 1058, 1013, 1015, 1023, 1027, 1037, 1058, 1015, 1023, 1027, 1037, 1058, 1037, 1028
968, 971
973, 987, 979, 985, 1003, 1006, 1009, 1011, 1013, 1035, 995, 999, 1011, 1013, 1006, 1009, 1011, 1013, 1015, 1023, 1037, 1058, 1009, 1011, 1013, 1015, 1023, 1037, 1058, 1007, 1011, 1013, 1015, 1023, 1027, 1037, 1058, 1013, 1015, 1023, 1027, 1037, 1058, 1015, 1023, 1027, 1037, 1058, 1037, 1028
986, 1032
993, 1030
1002, 1021
1017, 1018
1036, 1052, 1077, 1077, 1053, 1061, 1066
1073, 1075
1093, 1098
1116, 1117
1138, 1139, 1140
1145, 1146
1205, 1223, 1206
1251, 1257, 1271
1289, 1299
1323, 1326, 1328, 1337, 1365, 1362, 1372
1333, 1350, 1359, 1383, 1362, 1354, 1375, 1397, 1362, 1383, 1365, 1372
